14764
59598
63147
40514
87534
45973
54965
74648
74806
59928
20699
78761
98940
80802
60992
50682
50058
94284
12156
12570
80932
43285
12178
42769
84125
96147
59913
96516
50544
61563
77558
42975
15144
58682
26702
70122
63011
35169
24755
82821
72828
79206
33200
60784
83670
34804
60626
86976
52742
14475
38361
13676
55862
49359
65399
37680
18748
18194
47721
88751
43668
98122
40374
10728
16342
39219
49679
60516
24012
25680
43100
25474
96520
57777
79027
11616
78378
84632
56086
42233
91310
30039
51428
74252
47188
67840
51822
61288
28673
84464
19745
76538
48693
25824
47422
63260
50610
11246
36616
48715
40501
84018
11235
60766
56833
26052
86850
96807
36028
28835
80413
23361
73994
95782
50992
16452
23476
48928
65743
23934
44641
19631
95142
98765
63049
18870
39312
19723
75131
15390
73207
14040
29954
38712
85468
95155
67412
41035
83320
90483
56827
75118
41487
46320
66537
52715
38882
70814
70750
29589
37398
40837
16771
94208
87906
74664
90116
99992
34113
89349
98148
42448
96296
57152
11277
36095
74684
33845
38158
15582
43600
63053
24342
92512
54252
73129
28773
32819
49835
16933
33213
10645
98251
52576
69406
67892
72483
17769
56789
14989
24140
18359
12073
38574
33091
89381
49449
64091
39247
25923
71251
24345
51558
96411
89958
76933
55949
43038
28551
95390
14866
88996
26075
39333
76335
99707
42177
14331
50227
78702
68910
46977
48214
51071
10391
46218
87713
57826
39480
64702
30861
22562
87627
68916
57407
29689
65454
15700
26803
15017
40380
69860
66059
58318
17839
79014
33520
81719
97850
89786
38928
93407
69408
37881
32254
68247
54752
29214
98248
58405
19932
95299
34948
35574
61738
98156
70128
44319
24280
36470
62315
32292
52245
70839
34787
67967
47767
88861
81588
57939
31732
46639
39121
10454
46701
80935
93418
86078
55356
51235
94312
18379
82631
73383
30654
82162
81614
26936
64866
10826
85362
39371
68384
87889
14856
99573
91777
95150
49111
60208
69664
27678
48916
15557
90782
87961
42368
40844
40750
13745
20088
31234
17198
67865
16266
64250
34405
69368
90053
65374
91614
70733
48158
99303
51318
24507
21139
62476
35217
38613
65794
43762
38914
93827
18121
44552
94358
44248
93340
47094
12115
61446
22034
13882
42845
14983
42881
69071
84078
77528
65018
80503
40534
97419
61450
44217
35342
60439
72059
76006
86878
58404
49034
55592
38344
53897
72649
59214
92474
56370
20573
26285
15809
56727
84539
55090
77753
78169
62175
61410
26872
80145
63895
54436
27551
70275
83218
76355
47953
40172
29988
84694
14741
78418
19787
97191
62241
38111
16878
65882
27528
24926
66319
71326
33060
80025
73714
33135
68453
97498
86671
71089
88441
69505
84654
68724
89841
56212
17426
44666
91211
26105
21759
98944
71236
42913
88578
72715
28967
84103
99695
64085
73316
72198
49559
38910
17599
84904
22276
58705
49033
57127
14022
64371
97436
30953
52677
62159
88481
81171
57638
61383
88427
96594
11462
67963
17744
79612
93100
32749
94436
45034
51810
43770
59487
73654
76244
93096
61078
64038
80823
24219
64789
45656
96245
46975
21791
36832
40413
35647
85109
96428
63398
86469
34738
58332
29366
43612
20715
13296
73338
39693
55258
72724
78654
85411
60178
67363
37379
40440
82070
22042
77928
16662
39080
36754
52253
63630
68957
45100
82085
17126
37291
57062
12567
51113
89899
99628
75520
93558
49113
20958
77841
75297
57790
32002
42282
43678
31604
74565
22599
82887
39004
78978
90292
95502
21111
56784
13139
92819
73536
29862
99684
72968
13389
11304
21283
29316
39855
87865
97638
65813
60400
28931
39635
53198
26868
76903
65814
30920
17272
36064
60497
52751
98146
82591
80940
58866
19528
50171
83139
54987
86114
95215
33676
33258
94339
93998
12128
70002
17360
53459
86002
82138
77891
97857
80792
25421
35922
81854
53275
57944
87461
18830
71991
20578
30318
47800
70513
19497
85084
22048
81414
80731
18973
94485
77316
12204
70689
34924
96610
55203
75093
87356
18221
73385
81742
99442
28678
35197
35467
18508
14264
31053
64587
31857
80498
73182
38534
19889
62987
28009
62366
67690
87575
75924
43917
85815
12195
28926
28067
10649
90300
26829
97237
28274
81949
10148
20782
65121
35048
42425
49562
62240
97292
77339
96171
78515
23269
86257
53795
47860
27030
95995
88330
36227
71611
41787
98937
15634
38019
40301
64868
20353
52004
33605
52954
22677
35007
16229
92840
53192
14342
83874
67836
13168
45532
28527
11652
65046
24115
15313
46692
55036
47509
79999
75429
86289
40994
23698
60630
39923
41480
50015
20119
54647
32724
34408
13854
75114
45654
35904
97510
94288
62816
52333
56575
16125
72085
79557
88132
13717
59557
21409
84192
55868
84432
36959
76847
22567
67194
10465
30706
90253
75677
90677
16022
35712
49005
63561
39451
23062
88457
60392
10273
21677
36650
99569
70030
17260
26866
96514
96398
28702
79651
94067
71869
57996
35350
74905
42941
87385
32235
33758
75879
22019
21649
55926
74822
37702
62444
17072
80776
86143
90967
82007
61344
23060
71836
16696
23602
61274
35327
48285
19775
79268
66437
66155
54687
47590
49604
39448
70866
40876
38356
78821
60336
95020
92719
44432
55162
20330
68086
27630
86610
11026
88395
51282
27597
92765
75775
70635
24241
61618
16337
98080
28091
65880
24832
32253
27035
34239
31294
10102
36743
23284
87169
84151
26666
89818
70570
81552
56875
15373
77993
36591
61768
71478
25433
98896
93352
43847
60150
80559
45453
11057
40296
30537
95190
58593
23634
19831
60897
98886
18897
53785
58898
58346
42098
83994
22205
74702
95807
23781
49996
72776
31849
52068
98819
32585
51597
85824
27722
71157
43341
45946
20545
73393
13910
79218
44035
15597
15662
34269
37898
40216
92831
77463
89751
56728
55828
99410
27691
10416
47279
50204
56597
77705
72403
36921
62196
39460
86502
88097
62899
63482
51582
82873
81897
70932
47617
17894
66191
11809
28873
26808
57387
54906
51853
48424
62763
73121
95605
61687
31005
78477
35623
20589
78283
94194
44078
81703
99920
22742
55795
27345
91944
30545
20030
25018
12044
91516
91683
27731
80834
56421
60139
28612
75264
64380
56560
18126
71350
25426
24228
45887
10621
89105
53390
57017
76370
60258
51705
15492
55450
65708
37078
14776
99794
50029
47006
87658
80839
88943
33451
91207
33560
80832
86587
34637
40252
94463
13247
14825
60196
45730
85407
19771
30506
32174
