28773
86587
83451
98156
16479
70030
61736
96398
54303
90661
66537
92340
65476
95605
14776
24755
93707
24755
11378
11246
42425
34499
60368
14776
76989
56013
97498
73501
14989
30781
24755
16439
48888
54556
28773
84904
21879
61029
17273
84904
31150
14776
20410
31612
47240
33091
38038
14776
73610
89997
86278
47791
38300
88343
50107
70002
70030
60295
87961
81703
87575
81412
59406
70002
87961
60134
38882
42195
66048
58634
28773
63592
14989
48481
93493
31094
70069
41501
13252
14000
34109
70635
33091
27409
50437
82887
38041
11754
95998
18379
14989
69263
48158
26564
26702
55162
20088
14776
96398
37866
87961
11246
95605
84099
10632
24115
63187
97498
14776
44350
14989
94328
70570
14989
96398
24559
26026
20088
30914
97498
85863
73108
58795
54626
20977
96398
32124
24115
99521
25186
10585
51560
68086
70030
86587
85042
98156
94284
48158
86587
49101
26702
57022
14776
87961
83100
26936
43122
64345
44580
26936
70002
11659
28773
97482
86587
87961
14989
81703
24115
62403
66537
28773
68961
42577
95605
28773
70570
14989
49424
11804
13761
76970
70030
30763
84904
12682
91123
86136
48639
12919
57366
65105
92477
30133
97797
26702
33091
53884
98156
97478
90471
91310
55162
74847
14213
91310
70030
42425
14989
68086
96398
79525
47119
70570
62218
70002
17285
26702
18863
46054
66537
21233
24115
97498
53061
90193
14776
38217
65884
87030
11246
96398
63952
33023
70030
79687
54282
97498
58553
51958
20088
28773
98156
88060
23857
98968
37327
95605
29068
60403
26248
88561
38541
28773
14989
24755
99646
30945
33091
38882
94284
48928
70002
43523
28773
89267
20088
98156
14989
93969
11246
70635
70002
80387
84904
66075
37979
27624
47223
42425
56201
45780
32043
78810
21147
86498
60623
82803
81703
94284
74596
76377
94284
27665
48158
99233
49136
72518
48158
89985
76636
46202
72296
74007
80836
56019
14776
64944
89173
73676
46554
28773
38587
56658
51530
78669
97498
26038
97704
24755
84904
78231
89973
20088
84904
26702
81703
66537
87961
24115
63276
25020
53558
19730
15511
95190
81775
31704
97498
69998
62921
92224
26702
20088
70570
24682
16854
94943
85127
23397
98156
26702
95605
83482
70570
70635
87279
91862
80019
22286
66475
81703
64607
56734
98703
38664
58912
87961
28773
26702
27258
98156
27317
61386
78513
55289
70002
70570
70570
40854
38860
23075
38032
16697
33091
18979
18944
69727
36522
20088
11559
43925
92121
96398
41104
83370
44330
84776
67693
94284
33677
27014
94284
52234
97498
84328
42630
29593
70635
57720
45868
84904
32122
96398
75785
14110
49908
95565
87961
30687
66537
86032
82785
79631
17963
96398
74777
48928
24115
18667
40231
26416
18247
87513
98903
28773
21616
80476
38523
26702
70635
14776
26362
38797
58775
14776
43283
20088
76725
48928
28773
33493
48928
70002
48928
42425
78946
55162
96924
55841
69408
70002
26702
54477
95848
10733
48928
55753
66537
46475
79886
24420
50213
90266
73678
66537
95605
30264
20088
75277
39394
84904
87961
84904
20088
39669
41969
18532
68086
20926
33166
47154
59480
26702
96398
21720
25932
90256
56771
69081
95605
98448
81278
54568
69690
38882
26582
13081
22608
65201
75574
87961
68868
50140
31891
64075
80960
96429
52965
48657
17036
49874
96398
72090
90110
13816
48928
70819
25633
27847
28773
97173
11246
71707
75861
26702
26702
81811
13940
62910
87961
87019
48928
48928
77033
94284
84904
49493
28773
31143
59506
54574
79120
39855
99786
70626
92396
80974
25441
87961
24755
73955
89889
24733
81703
96196
10170
52810
93597
24115
70719
31888
32564
69408
87575
87575
38317
97018
33091
86587
40874
86587
94284
20555
71240
94284
60084
96398
42425
14776
84299
91310
20088
91776
84904
14989
30882
48129
20088
55991
95355
70002
79394
97498
56980
63735
58294
12614
32809
35517
58635
63921
65741
21238
14989
93736
78875
70570
23690
95631
86587
55666
69207
59682
48928
13319
51966
33091
22911
19455
24115
48158
14999
33578
48928
58221
82887
80624
87961
94284
51523
54207
40807
56579
72079
95581
87575
55162
76201
35692
48158
13329
14228
13596
66537
48158
28141
66537
26936
11246
83782
37607
33091
61393
87961
69715
86587
82454
86587
25761
98156
26702
64020
25754
95190
69408
44047
81703
11890
31884
69457
81703
46031
14776
95605
49839
68086
95605
78884
25226
68031
55162
28773
20088
36752
97498
92974
86399
14776
67007
70030
89825
20965
23984
89395
99100
26702
24115
72711
22371
14989
26702
14776
96398
58058
27911
83776
86587
49671
70567
14340
56160
85965
27795
79989
20334
48928
58826
43950
66537
14776
94203
70002
86587
95190
33091
96398
22071
70570
51844
72028
48158
10973
80904
24115
44699
87575
55162
24115
20088
86045
90300
64531
70115
80124
37893
73458
66248
62138
26233
75780
16642
76302
86587
70570
95605
14989
94284
81703
97440
96034
85529
79102
61560
31196
73932
50145
89987
77610
11246
28773
86698
84904
56926
92584
37986
84525
21112
70635
94284
12964
14776
84904
59199
95190
94380
62759
29181
86051
70030
61768
94433
55162
18482
18379
24755
44810
47121
10505
87575
14989
91310
88016
82887
87795
84904
18379
38882
70635
20864
57239
28020
63281
69601
90977
58295
39771
95605
48928
87961
94284
87961
20088
50458
39551
48158
66493
48928
27393
41482
96262
26702
12198
78333
75787
75720
87961
79650
40672
65623
84522
78429
28773
34110
96398
42887
68504
96100
81958
28773
93400
66441
70002
60573
26011
63705
95605
10399
11246
58654
48928
52279
87961
52942
10405
24115
24755
31963
80991
55162
66537
26702
92776
66296
81703
70570
87294
59638
48158
85464
75556
57980
14989
46516
45375
48928
32160
97316
96398
88007
79600
70002
49123
98156
26702
87961
70570
84904
88267
45038
96962
22801
70570
91310
14776
40834
43023
33091
51477
36387
42518
37844
38882
57280
20088
24115
70570
84904
24115
78694
48126
20440
14989
70002
98156
79775
33091
14776
84904
27546
54587
48158
86587
97498
78372
84904
77307
40059
43725
67834
31282
59468
37828
12750
14989
45458
19535
70570
69169
13251
82887
16178
86587
21540
26695
70002
95499
11246
66537
26702
47523
31211
65619
83125
70570
11246
70570
49454
81703
94284
85023
96398
37504
96398
91167
83486
10500
86587
87365
35798
85900
90300
94078
28773
86587
48158
43682
16558
42425
22905
63284
72402
48158
91310
14776
18493
50847
24755
68086
